111

0.129
0.754
0.631
0.958
0.678
0.119
0.81
0.623
0.6
0.042
0.246
0.997
0.714
0.003
0.026
0.162
0.128
0.005
0.014
0.47
0.909
0.671
0.144
0.71
0.008
0.27
0.535
0.162
0.762
0.714
0.627
0.031
0.001
0.617
0.387
0.853
0.032
0.037
0.264
0.332
0.29
0.253
0.012
0.429
0.241
0.668
0.416
0.759
0.045
0.542
0.322
0.013
0.944
0.455
0.339
0.802
0.072
0.803
0.009
0.053
0.021
0.19
0.946
0.002
0.329
0.091
0.24
0.896
0.052
0.185
0.909
0.044
0.05
0.301
0.465
0.033
0.383
0.095
0.274
0.143
0.002
0.837
0.147
0.114
0.026
0.613
0.837
0.01
0.076
0.152
0.005
0.635
0.091
0.373
0.435
0.286
0.026
0.158
0.661
0.4
0.736
0.31
0.942
0.749
0.699
0.191
0.006
0.046
0.116
0.102
0.928
