167

0.64
0.096
0.539
0.294
0.586
0.021
0.803
0.978
0.294
0.647
0.022
0.04
0.036
0.267
0.8
0.881
0.815
0.01
0.191
0.026
0.416
0.403
0.119
0.051
0.005
0.952
0.119
0.385
0.033
0.283
0.992
0.916
0.031
0.043
0.585
0.604
0.028
0.36
0.148
0.282
0.215
0.516
0.001
0.047
0.977
0.14
0.881
0.566
0.396
0.168
0.706
0.119
0.289
0.954
0.456
0.886
0.123
0.303
0.771
0.855
0.149
0.558
0.904
0.753
0.259
0.549
0.963
0.065
0.718
0.02
0.04
0.245
0.247
0.018
0.274
0.042
0.061
0.331
0.003
0.804
0.194
0.122
0.057
0.135
0.038
0.21
0.172
0.229
0.013
0.001
0.415
0.004
0.865
0.832
0.451
0.674
0.595
0.741
0.461
0.008
0.48
0.003
0.205
0.052
0.02
0.2
0.001
0.275
0.576
0.878
0.275
0.006
0.446
0.68
0.5
0.544
0.631
0.169
0.114
0.366
0.213
0.634
0.187
0.346
0.56
0.211
0.818
0.606
0.19
0.196
0.001
0.108
0.016
0.197
0.81
0.048
0.003
0.717
0.015
0.021
0.726
0.115
0.405
0.313
0.255
0.127
0.813
0.316
0.378
0.374
0.023
0.98
0.484
0.755
0.019
0.787
0.461
0.03
0.216
0.033
0.604
0.013
0.541
0.074
0.669
0.349
0.492
