2522

0.085
0.006
0.008
0.024
0.106
0.357
0.001
0.915
0.643
0.255
0.513
0.039
0.048
0.02
0.03
0.135
0.758
0.011
0.05
0.077
0.683
0.939
0.038
0.165
0.224
0.152
0.918
0.049
0.485
0.551
0.79
0.69
0.21
0.097
0.345
0.655
0.962
0.291
0.449
0.164
0.023
0.039
0.401
0.495
0.002
0.958
0.306
0.473
0.149
0.758
0.694
0.022
0.312
0.13
0.042
0.001
0.164
0.482
0.905
0.044
0.073
0.836
0.02
0.242
0.22
0.65
0.095
0.005
0.526
0.995
0.069
0.574
0.781
0.047
0.219
0.051
0.76
0.037
0.931
0.013
0.04
0.921
0.008
0.928
0.114
0.029
0.414
0.24
0.004
0.217
0.012
0.611
0.007
0.64
0.025
0.032
0.67
0.389
0.211
0.006
0.036
0.964
0.129
0.754
0.631
0.958
0.678
0.119
0.81
0.623
0.6
0.042
0.246
0.997
0.714
0.003
0.026
0.162
0.128
0.005
0.014
0.47
0.909
0.671
0.144
0.71
0.008
0.27
0.535
0.162
0.762
0.714
0.627
0.031
0.001
0.617
0.387
0.853
0.032
0.037
0.264
0.332
0.29
0.253
0.012
0.429
0.241
0.668
0.416
0.759
0.045
0.542
0.322
0.013
0.944
0.455
0.339
0.802
0.072
0.803
0.009
0.053
0.021
0.19
0.946
0.002
0.329
0.091
0.24
0.896
0.052
0.185
0.909
0.044
0.05
0.301
0.465
0.033
0.383
0.095
0.274
0.143
0.002
0.837
0.147
0.114
0.026
0.613
0.837
0.01
0.076
0.152
0.005
0.635
0.091
0.373
0.435
0.286
0.026
0.158
0.661
0.4
0.736
0.31
0.942
0.749
0.699
0.191
0.006
0.046
0.116
0.102
0.928
0.64
0.096
0.539
0.294
0.586
0.021
0.803
0.978
0.294
0.647
0.022
0.04
0.036
0.267
0.8
0.881
0.815
0.01
0.191
0.026
0.416
0.403
0.119
0.051
0.005
0.952
0.119
0.385
0.033
0.283
0.992
0.916
0.031
0.043
0.585
0.604
0.028
0.36
0.148
0.282
0.215
0.516
0.001
0.047
0.977
0.14
0.881
0.566
0.396
0.168
0.706
0.119
0.289
0.954
0.456
0.886
0.123
0.303
0.771
0.855
0.149
0.558
0.904
0.753
0.259
0.549
0.963
0.065
0.718
0.02
0.04
0.245
0.247
0.018
0.274
0.042
0.061
0.331
0.003
0.804
0.194
0.122
0.057
0.135
0.038
0.21
0.172
0.229
0.013
0.001
0.415
0.004
0.865
0.832
0.451
0.674
0.595
0.741
0.461
0.008
0.48
0.003
0.205
0.052
0.02
0.2
0.001
0.275
0.576
0.878
0.275
0.006
0.446
0.68
0.5
0.544
0.631
0.169
0.114
0.366
0.213
0.634
0.187
0.346
0.56
0.211
0.818
0.606
0.19
0.196
0.001
0.108
0.016
0.197
0.81
0.048
0.003
0.717
0.015
0.021
0.726
0.115
0.405
0.313
0.255
0.127
0.813
0.316
0.378
0.374
0.023
0.98
0.484
0.755
0.019
0.787
0.461
0.03
0.216
0.033
0.604
0.013
0.541
0.074
0.669
0.349
0.492
0.483
0.209
0.663
0.311
0.002
0.769
0.769
0.745
0.918
0.512
0.085
0.136
0.953
0.407
0.144
0.337
0.001
0.488
0.036
0.101
0.321
0.709
0.009
0.591
0.2
0.959
0.021
0.221
0.231
0.253
0.171
0.291
0.867
0.12
0.007
0.105
0.977
0.026
0.231
0.384
0.036
0.001
0.531
0.034
0.158
0.88
0.689
0.445
0.047
0.611
0.555
0.337
0.061
0.004
0.001
0.842
0.005
0.069
0.574
0.781
0.047
0.219
0.051
0.76
0.037
0.931
0.013
0.04
0.921
0.008
0.928
0.114
0.029
0.414
0.24
0.004
0.217
0.012
0.611
0.007
0.64
0.025
0.032
0.67
0.389
0.211
0.006
0.036
0.964
0.483
0.209
0.663
0.311
0.002
0.769
0.769
0.745
0.918
0.512
0.085
0.136
0.953
0.407
0.144
0.337
0.001
0.488
0.036
0.101
0.321
0.709
0.009
0.591
0.2
0.959
0.021
0.221
0.231
0.253
0.171
0.291
0.867
0.12
0.007
0.105
0.977
0.026
0.231
0.384
0.036
0.001
0.531
0.034
0.158
0.88
0.689
0.445
0.047
0.611
0.555
0.337
0.061
0.004
0.001
0.842
0.005
0.129
0.754
0.631
0.958
0.678
0.119
0.81
0.623
0.6
0.042
0.246
0.997
0.714
0.003
0.026
0.162
0.128
0.005
0.014
0.47
0.909
0.671
0.144
0.71
0.008
0.27
0.535
0.162
0.762
0.714
0.627
0.031
0.001
0.617
0.387
0.853
0.032
0.037
0.264
0.332
0.29
0.253
0.012
0.429
0.241
0.668
0.416
0.759
0.045
0.542
0.322
0.013
0.944
0.455
0.339
0.802
0.072
0.803
0.009
0.053
0.021
0.19
0.946
0.002
0.329
0.091
0.24
0.896
0.052
0.185
0.909
0.044
0.05
0.301
0.465
0.033
0.383
0.095
0.274
0.143
0.002
0.837
0.147
0.114
0.026
0.613
0.837
0.01
0.076
0.152
0.005
0.635
0.091
0.373
0.435
0.286
0.026
0.158
0.661
0.4
0.736
0.31
0.942
0.749
0.699
0.191
0.006
0.046
0.116
0.102
0.928
0.129
0.754
0.631
0.958
0.678
0.119
0.81
0.623
0.6
0.042
0.246
0.997
0.714
0.003
0.026
0.162
0.128
0.005
0.014
0.47
0.909
0.671
0.144
0.71
0.008
0.27
0.535
0.162
0.762
0.714
0.627
0.031
0.001
0.617
0.387
0.853
0.032
0.037
0.264
0.332
0.29
0.253
0.012
0.429
0.241
0.668
0.416
0.759
0.045
0.542
0.322
0.013
0.944
0.455
0.339
0.802
0.072
0.803
0.009
0.053
0.021
0.19
0.946
0.002
0.329
0.091
0.24
0.896
0.052
0.185
0.909
0.044
0.05
0.301
0.465
0.033
0.383
0.095
0.274
0.143
0.002
0.837
0.147
0.114
0.026
0.613
0.837
0.01
0.076
0.152
0.005
0.635
0.091
0.373
0.435
0.286
0.026
0.158
0.661
0.4
0.736
0.31
0.942
0.749
0.699
0.191
0.006
0.046
0.116
0.102
0.928
0.64
0.096
0.539
0.294
0.586
0.021
0.803
0.978
0.294
0.647
0.022
0.04
0.036
0.267
0.8
0.881
0.815
0.01
0.191
0.026
0.416
0.403
0.119
0.051
0.005
0.952
0.119
0.385
0.033
0.283
0.992
0.916
0.031
0.043
0.585
0.604
0.028
0.36
0.148
0.282
0.215
0.516
0.001
0.047
0.977
0.14
0.881
0.566
0.396
0.168
0.706
0.119
0.289
0.954
0.456
0.886
0.123
0.303
0.771
0.855
0.149
0.558
0.904
0.753
0.259
0.549
0.963
0.065
0.718
0.02
0.04
0.245
0.247
0.018
0.274
0.042
0.061
0.331
0.003
0.804
0.194
0.122
0.057
0.135
0.038
0.21
0.172
0.229
0.013
0.001
0.415
0.004
0.865
0.832
0.451
0.674
0.595
0.741
0.461
0.008
0.48
0.003
0.205
0.052
0.02
0.2
0.001
0.275
0.576
0.878
0.275
0.006
0.446
0.68
0.5
0.544
0.631
0.169
0.114
0.366
0.213
0.634
0.187
0.346
0.56
0.211
0.818
0.606
0.19
0.196
0.001
0.108
0.016
0.197
0.81
0.048
0.003
0.717
0.015
0.021
0.726
0.115
0.405
0.313
0.255
0.127
0.813
0.316
0.378
0.374
0.023
0.98
0.484
0.755
0.019
0.787
0.461
0.03
0.216
0.033
0.604
0.013
0.541
0.074
0.669
0.349
0.492
0.129
0.754
0.631
0.958
0.678
0.119
0.81
0.623
0.6
0.042
0.246
0.997
0.714
0.003
0.026
0.162
0.128
0.005
0.014
0.47
0.909
0.671
0.144
0.71
0.008
0.27
0.535
0.162
0.762
0.714
0.627
0.031
0.001
0.617
0.387
0.853
0.032
0.037
0.264
0.332
0.29
0.253
0.012
0.429
0.241
0.668
0.416
0.759
0.045
0.542
0.322
0.013
0.944
0.455
0.339
0.802
0.072
0.803
0.009
0.053
0.021
0.19
0.946
0.002
0.329
0.091
0.24
0.896
0.052
0.185
0.909
0.044
0.05
0.301
0.465
0.033
0.383
0.095
0.274
0.143
0.002
0.837
0.147
0.114
0.026
0.613
0.837
0.01
0.076
0.152
0.005
0.635
0.091
0.373
0.435
0.286
0.026
0.158
0.661
0.4
0.736
0.31
0.942
0.749
0.699
0.191
0.006
0.046
0.116
0.102
0.928
0.64
0.096
0.539
0.294
0.586
0.021
0.803
0.978
0.294
0.647
0.022
0.04
0.036
0.267
0.8
0.881
0.815
0.01
0.191
0.026
0.416
0.403
0.119
0.051
0.005
0.952
0.119
0.385
0.033
0.283
0.992
0.916
0.031
0.043
0.585
0.604
0.028
0.36
0.148
0.282
0.215
0.516
0.001
0.047
0.977
0.14
0.881
0.566
0.396
0.168
0.706
0.119
0.289
0.954
0.456
0.886
0.123
0.303
0.771
0.855
0.149
0.558
0.904
0.753
0.259
0.549
0.963
0.065
0.718
0.02
0.04
0.245
0.247
0.018
0.274
0.042
0.061
0.331
0.003
0.804
0.194
0.122
0.057
0.135
0.038
0.21
0.172
0.229
0.013
0.001
0.415
0.004
0.865
0.832
0.451
0.674
0.595
0.741
0.461
0.008
0.48
0.003
0.205
0.052
0.02
0.2
0.001
0.275
0.576
0.878
0.275
0.006
0.446
0.68
0.5
0.544
0.631
0.169
0.114
0.366
0.213
0.634
0.187
0.346
0.56
0.211
0.818
0.606
0.19
0.196
0.001
0.108
0.016
0.197
0.81
0.048
0.003
0.717
0.015
0.021
0.726
0.115
0.405
0.313
0.255
0.127
0.813
0.316
0.378
0.374
0.023
0.98
0.484
0.755
0.019
0.787
0.461
0.03
0.216
0.033
0.604
0.013
0.541
0.074
0.669
0.349
0.492
0.129
0.754
0.631
0.958
0.678
0.119
0.81
0.623
0.6
0.042
0.246
0.997
0.714
0.003
0.026
0.162
0.128
0.005
0.014
0.47
0.909
0.671
0.144
0.71
0.008
0.27
0.535
0.162
0.762
0.714
0.627
0.031
0.001
0.617
0.387
0.853
0.032
0.037
0.264
0.332
0.29
0.253
0.012
0.429
0.241
0.668
0.416
0.759
0.045
0.542
0.322
0.013
0.944
0.455
0.339
0.802
0.072
0.803
0.009
0.053
0.021
0.19
0.946
0.002
0.329
0.091
0.24
0.896
0.052
0.185
0.909
0.044
0.05
0.301
0.465
0.033
0.383
0.095
0.274
0.143
0.002
0.837
0.147
0.114
0.026
0.613
0.837
0.01
0.076
0.152
0.005
0.635
0.091
0.373
0.435
0.286
0.026
0.158
0.661
0.4
0.736
0.31
0.942
0.749
0.699
0.191
0.006
0.046
0.116
0.102
0.928
0.401
0.495
0.002
0.958
0.306
0.473
0.149
0.758
0.694
0.022
0.312
0.13
0.042
0.001
0.164
0.482
0.905
0.044
0.073
0.836
0.02
0.242
0.22
0.65
0.095
0.005
0.526
0.995
0.085
0.006
0.008
0.024
0.106
0.357
0.001
0.915
0.643
0.255
0.513
0.039
0.048
0.129
0.754
0.631
0.958
0.678
0.119
0.81
0.623
0.6
0.042
0.246
0.997
0.714
0.003
0.026
0.162
0.128
0.005
0.014
0.47
0.909
0.671
0.144
0.71
0.008
0.27
0.535
0.162
0.762
0.714
0.627
0.031
0.001
0.617
0.387
0.853
0.032
0.037
0.264
0.332
0.29
0.253
0.012
0.429
0.241
0.668
0.416
0.759
0.045
0.542
0.322
0.013
0.944
0.455
0.339
0.802
0.072
0.803
0.009
0.053
0.021
0.19
0.946
0.002
0.329
0.091
0.24
0.896
0.052
0.185
0.909
0.044
0.05
0.301
0.465
0.033
0.383
0.095
0.274
0.143
0.002
0.837
0.147
0.114
0.026
0.613
0.837
0.01
0.076
0.152
0.005
0.635
0.091
0.373
0.435
0.286
0.026
0.158
0.661
0.4
0.736
0.31
0.942
0.749
0.699
0.191
0.006
0.046
0.116
0.102
0.928
0.483
0.209
0.663
0.311
0.002
0.769
0.769
0.745
0.918
0.512
0.085
0.136
0.953
0.407
0.144
0.337
0.001
0.488
0.036
0.101
0.321
0.709
0.009
0.591
0.2
0.959
0.021
0.221
0.231
0.253
0.171
0.291
0.867
0.12
0.007
0.105
0.977
0.026
0.231
0.384
0.036
0.001
0.531
0.034
0.158
0.88
0.689
0.445
0.047
0.611
0.555
0.337
0.061
0.004
0.001
0.842
0.005
0.069
0.574
0.781
0.047
0.219
0.051
0.76
0.037
0.931
0.013
0.04
0.921
0.008
0.928
0.114
0.029
0.414
0.24
0.004
0.217
0.012
0.611
0.007
0.64
0.025
0.032
0.67
0.389
0.211
0.006
0.036
0.964
0.483
0.209
0.663
0.311
0.002
0.769
0.769
0.745
0.918
0.512
0.085
0.136
0.953
0.407
0.144
0.337
0.001
0.488
0.036
0.101
0.321
0.709
0.009
0.591
0.2
0.959
0.021
0.221
0.231
0.253
0.171
0.291
0.867
0.12
0.007
0.105
0.977
0.026
0.231
0.384
0.036
0.001
0.531
0.034
0.158
0.88
0.689
0.445
0.047
0.611
0.555
0.337
0.061
0.004
0.001
0.842
0.005
0.129
0.754
0.631
0.958
0.678
0.119
0.81
0.623
0.6
0.042
0.246
0.997
0.714
0.003
0.026
0.162
0.128
0.005
0.014
0.47
0.909
0.671
0.144
0.71
0.008
0.27
0.535
0.162
0.762
0.714
0.627
0.031
0.001
0.617
0.387
0.853
0.032
0.037
0.264
0.332
0.29
0.253
0.012
0.429
0.241
0.668
0.416
0.759
0.045
0.542
0.322
0.013
0.944
0.455
0.339
0.802
0.072
0.803
0.009
0.053
0.021
0.19
0.946
0.002
0.329
0.091
0.24
0.896
0.052
0.185
0.909
0.044
0.05
0.301
0.465
0.033
0.383
0.095
0.274
0.143
0.002
0.837
0.147
0.114
0.026
0.613
0.837
0.01
0.076
0.152
0.005
0.635
0.091
0.373
0.435
0.286
0.026
0.158
0.661
0.4
0.736
0.31
0.942
0.749
0.699
0.191
0.006
0.046
0.116
0.102
0.928
0.129
0.754
0.631
0.958
0.678
0.119
0.81
0.623
0.6
0.042
0.246
0.997
0.714
0.003
0.026
0.162
0.128
0.005
0.014
0.47
0.909
0.671
0.144
0.71
0.008
0.27
0.535
0.162
0.762
0.714
0.627
0.031
0.001
0.617
0.387
0.853
0.032
0.037
0.264
0.332
0.29
0.253
0.012
0.429
0.241
0.668
0.416
0.759
0.045
0.542
0.322
0.013
0.944
0.455
0.339
0.802
0.072
0.803
0.009
0.053
0.021
0.19
0.946
0.002
0.329
0.091
0.24
0.896
0.052
0.185
0.909
0.044
0.05
0.301
0.465
0.033
0.383
0.095
0.274
0.143
0.002
0.837
0.147
0.114
0.026
0.613
0.837
0.01
0.076
0.152
0.005
0.635
0.091
0.373
0.435
0.286
0.026
0.158
0.661
0.4
0.736
0.31
0.942
0.749
0.699
0.191
0.006
0.046
0.116
0.102
0.928
0.64
0.096
0.539
0.294
0.586
0.021
0.803
0.978
0.294
0.647
0.022
0.04
0.036
0.267
0.8
0.881
0.815
0.01
0.191
0.026
0.416
0.403
0.119
0.051
0.005
0.952
0.119
0.385
0.033
0.283
0.992
0.916
0.031
0.043
0.585
0.604
0.028
0.36
0.148
0.282
0.215
0.516
0.001
0.047
0.977
0.14
0.881
0.566
0.396
0.168
0.706
0.119
0.289
0.954
0.456
0.886
0.123
0.303
0.771
0.855
0.149
0.558
0.904
0.753
0.259
0.549
0.963
0.065
0.718
0.02
0.04
0.245
0.247
0.018
0.274
0.042
0.061
0.331
0.003
0.804
0.194
0.122
0.057
0.135
0.038
0.21
0.172
0.229
0.013
0.001
0.415
0.004
0.865
0.832
0.451
0.674
0.595
0.741
0.461
0.008
0.48
0.003
0.205
0.052
0.02
0.2
0.001
0.275
0.576
0.878
0.275
0.006
0.446
0.68
0.5
0.544
0.631
0.169
0.114
0.366
0.213
0.634
0.187
0.346
0.56
0.211
0.818
0.606
0.19
0.196
0.001
0.108
0.016
0.197
0.81
0.048
0.003
0.717
0.015
0.021
0.726
0.115
0.405
0.313
0.255
0.127
0.813
0.316
0.378
0.374
0.023
0.98
0.484
0.755
0.019
0.787
0.461
0.03
0.216
0.033
0.604
0.013
0.541
0.074
0.669
0.349
0.492
0.129
0.754
0.631
0.958
0.678
0.119
0.81
0.623
0.6
0.042
0.246
0.997
0.714
0.003
0.026
0.162
0.128
0.005
0.014
0.47
0.909
0.671
0.144
0.71
0.008
0.27
0.535
0.162
0.762
0.714
0.627
0.031
0.001
0.617
0.387
0.853
0.032
0.037
0.264
0.332
0.29
0.253
0.012
0.429
0.241
0.668
0.416
0.759
0.045
0.542
0.322
0.013
0.944
0.455
0.339
0.802
0.072
0.803
0.009
0.053
0.021
0.19
0.946
0.002
0.329
0.091
0.24
0.896
0.052
0.185
0.909
0.044
0.05
0.301
0.465
0.033
0.383
0.095
0.274
0.143
0.002
0.837
0.147
0.114
0.026
0.613
0.837
0.01
0.076
0.152
0.005
0.635
0.091
0.373
0.435
0.286
0.026
0.158
0.661
0.4
0.736
0.31
0.942
0.749
0.699
0.191
0.006
0.046
0.116
0.102
0.928
0.64
0.096
0.539
0.294
0.586
0.021
0.803
0.978
0.294
0.647
0.022
0.04
0.036
0.267
0.8
0.881
0.815
0.01
0.191
0.026
0.416
0.403
0.119
0.051
0.005
0.952
0.119
0.385
0.033
0.283
0.992
0.916
0.031
0.043
0.585
0.604
0.028
0.36
0.148
0.282
0.215
0.516
0.001
0.047
0.977
0.14
0.881
0.566
0.396
0.168
0.706
0.119
0.289
0.954
0.456
0.886
0.123
0.303
0.771
0.855
0.149
0.558
0.904
0.753
0.259
0.549
0.963
0.065
0.718
0.02
0.04
0.245
0.247
0.018
0.274
0.042
0.061
0.331
0.003
0.804
0.194
0.122
0.057
0.135
0.038
0.21
0.172
0.229
0.013
0.001
0.415
0.004
0.865
0.832
0.451
0.674
0.595
0.741
0.461
0.008
0.48
0.003
0.205
0.052
0.02
0.2
0.001
0.275
0.576
0.878
0.275
0.006
0.446
0.68
0.5
0.544
0.631
0.169
0.114
0.366
0.213
0.634
0.187
0.346
0.56
0.211
0.818
0.606
0.19
0.196
0.001
0.108
0.016
0.197
0.81
0.048
0.003
0.717
0.015
0.021
0.726
0.115
0.405
0.313
0.255
0.127
0.813
0.316
0.378
0.374
0.023
0.98
0.484
0.755
0.019
0.787
0.461
0.03
0.216
0.033
0.604
0.013
0.541
0.074
0.669
0.349
0.492
0.129
0.754
0.631
0.958
0.678
0.119
0.81
0.623
0.6
0.042
0.246
0.997
0.714
0.003
0.026
0.162
0.128
0.005
0.014
0.47
0.909
0.671
0.144
0.71
0.008
0.27
0.535
0.162
0.762
0.714
0.627
0.031
0.001
0.617
0.387
0.853
0.032
0.037
0.264
0.332
0.29
0.253
0.012
0.429
0.241
0.668
0.416
0.759
0.045
0.542
0.322
0.013
0.944
0.455
0.339
0.802
0.072
0.803
0.009
0.053
0.021
0.19
0.946
0.002
0.329
0.091
0.24
0.896
0.052
0.185
0.909
0.044
0.05
0.301
0.465
0.033
0.383
0.095
0.274
0.143
0.002
0.837
0.147
0.114
0.026
0.613
0.837
0.01
0.076
0.152
0.005
0.635
0.091
0.373
0.435
0.286
0.026
0.158
0.661
0.4
0.736
0.31
0.942
0.749
0.699
0.191
0.006
0.046
0.116
0.102
0.928
0.401
0.495
0.002
0.958
0.306
0.473
0.149
0.758
0.694
0.022
0.312
0.13
0.042
0.001
0.164
0.482
0.905
0.044
0.073
0.836
0.02
0.242
0.22
0.65
0.095
0.005
0.526
0.995
0.085
0.006
0.008
0.024
0.106
0.357
0.001
0.915
0.643
0.255
0.513
0.039
0.048
0.129
0.754
0.631
0.958
0.678
0.119
0.81
0.623
0.6
0.042
0.246
0.997
0.714
0.003
0.026
0.162
0.128
0.005
0.014
0.47
0.909
0.671
0.144
0.71
0.008
0.27
0.535
0.162
0.762
0.714
0.627
0.031
0.001
0.617
0.387
0.853
0.032
0.037
0.264
0.332
0.29
0.253
0.012
0.429
0.241
0.668
0.416
0.759
0.045
0.542
0.322
0.013
0.944
0.455
0.339
0.802
0.072
0.803
0.009
0.053
0.021
0.19
0.946
0.002
0.329
0.091
0.24
0.896
0.052
0.185
0.909
0.044
0.05
0.301
0.465
0.033
0.383
0.095
0.274
0.143
0.002
0.837
0.147
0.114
0.026
0.613
0.837
0.01
0.076
0.152
0.005
0.635
0.091
0.373
0.435
0.286
0.026
0.158
0.661
0.4
0.736
0.31
0.942
0.749
0.699
0.191
0.006
0.046
0.116
0.102
0.928